<?xml version="1.0" encoding="UTF-8" standalone="no" ?>
<SimscapeMultibodyImportXML version="2.0" xmlns="urn:mathworks:SimscapeMultibody:import" xmlns:xsi="http://www.w3.org/2001/XMLSchema-instance">
  <Created by="Chanya Methaprayoon" from="Onshape" on="07/04/26||20:45:48" using="Simscape Multibody Exporter"/>
  <ModelUnits length="millimeter" mass="kilogram"/>
  <DataUnits length="meter" mass="kilogram"/>
  <RootAssembly name="only joints" uid="5a915e3da82d96430e453f5e" version="w-640aab6f869549fff9fa87e9">
    <InstanceTree>
      <Instance entityUid="JFD*:*7d6b7c3e683cb23974bf4109" name="abenics-cs-gear-36tmod2 v1 v1 &lt;2>" uid="MLk2P/9LbPUthuxDl">
        <Transform>
          <Rotation>0.210082228 -0.844829471 0.492065668 -0.976593184 -0.205097443 0.064813520 0.046165039 -0.494164146 -0.868142031 </Rotation>
          <Translation>0.000000001 0.000000002 0.000000001 </Translation>
        </Transform>
      </Instance>
      <Instance entityUid="JFD*:*854163501894f448cf4ea06d" name="abenics-cs-gear-housing-36tmod2-type-B v3 v1 &lt;2>" uid="MQUpWqeVP0QgBnOcM">
        <Transform>
          <Rotation>-0.000000000 0.000000000 1.000000000 -0.000000000 -1.000000000 0.000000000 1.000000000 0.000000000 0.000000000 </Rotation>
          <Translation>-0.058500000 0.097750000 -0.039250000 </Translation>
        </Transform>
      </Instance>
      <Instance entityUid="JFD*:*7d6b7c3e683cb23974bf4109" name="abenics-cs-gear-36tmod2 v1 v1 &lt;1>" uid="MX806kLB4MmYjMNAr">
        <Transform>
          <Rotation>0.210082228 0.844829471 -0.492065668 -0.976593184 0.205097443 -0.064813520 0.046165039 0.494164146 0.868142031 </Rotation>
          <Translation>0.000000000 0.000000000 0.000000000 </Translation>
        </Transform>
      </Instance>
      <Instance entityUid="2a5d876db0d1654b6ddb9181" name="Monopole Drive Assembly &lt;1>" uid="Mtm9igLodd2bt+P4Q">
        <Transform>
          <Rotation>1.000000000 0.000000000 0.000000000 0.000000000 1.000000000 0.000000000 0.000000000 0.000000000 1.000000000 </Rotation>
          <Translation>0.000000000 0.000000000 0.000000000 </Translation>
        </Transform>
        <Instance entityUid="JFD*:*af7a48093c19a658f5bef870" grounded="true" name="abenics-monopole-driven-gear-nut-20tmod2 v4 v1 &lt;1>" uid="M0F4Fsg/pCbgELHoE">
          <Transform>
            <Rotation>-0.548243079 -0.836319034 0.000000000 0.000000000 -0.000000000 1.000000000 -0.836319034 0.548243079 0.000000000 </Rotation>
            <Translation>-0.001301033 0.099977790 0.000000792 </Translation>
          </Transform>
        </Instance>
        <Instance entityUid="JFD*:*9bea023304ab013c7e355173" name="abenics-monopole-gear-bushing v1 v1 &lt;1>" uid="M4MAbnMwHVaaSFOdr">
          <Transform>
            <Rotation>0.538192195 0.104497057 -0.836319034 -0.190603514 0.981667103 -0.000000000 0.820986883 0.159405346 0.548243079 </Rotation>
            <Translation>0.003950909 0.048810559 -0.003387670 </Translation>
          </Transform>
        </Instance>
        <Instance entityUid="JFD*:*71932bd89a9eef59a6de9bff" name="abenics-pinion&amp;worm-mod2 v5 v1 &lt;1>" uid="MXV+jFbqpmqYS/bl9">
          <Transform>
            <Rotation>0.066586209 0.544184482 -0.836319034 -0.992597085 0.121453806 0.000000000 0.101574130 0.830127835 0.548243079 </Rotation>
            <Translation>0.003805102 0.073975160 0.003229939 </Translation>
          </Transform>
        </Instance>
        <Instance entityUid="JFD*:*5a54eba41dccacabbc4d291f" name="abenics-monopole-housing v11 v1 &lt;1>" uid="MYZrTCDnAA/uHTtWP">
          <Transform>
            <Rotation>0.548243079 -0.000000000 -0.836319034 -0.000000000 1.000000000 -0.000000000 0.836319034 0.000000000 0.548243079 </Rotation>
            <Translation>0.012405044 0.048819395 0.020908768 </Translation>
          </Transform>
        </Instance>
        <Instance entityUid="JFH*:*5a54eba41dccacabbc4d291f" name="abenics-monopole-housing v11 v1 &lt;2>" uid="MYuYMBtlU2jRATBsS">
          <Transform>
            <Rotation>-0.548243079 -0.000000000 0.836319034 0.000000000 1.000000000 0.000000000 -0.836319034 0.000000000 -0.548243079 </Rotation>
            <Translation>0.012405044 0.048819395 0.020908768 </Translation>
          </Transform>
        </Instance>
        <Instance entityUid="JFD*:*091a3bb20e85730e6c04bb70" name="abenics-monopole-gear-18tmod2 v8 v1 &lt;1>" uid="MkLQX4jyCKVqatGBi">
          <Transform>
            <Rotation>0.538192195 0.104497057 -0.836319034 -0.190603514 0.981667103 -0.000000000 0.820986883 0.159405346 0.548243079 </Rotation>
            <Translation>-0.008347837 -0.017501350 -0.010748776 </Translation>
          </Transform>
        </Instance>
        <Instance entityUid="JFH*:*71932bd89a9eef59a6de9bff" name="abenics-pinion&amp;worm-mod2 v5 v1 &lt;2>" uid="MziKPHmgZsriu5Nzv">
          <Transform>
            <Rotation>0.726113324 0.687575043 -0.000000000 -0.000000000 0.000000000 -1.000000000 -0.687575043 0.726113324 0.000000000 </Rotation>
            <Translation>-0.015149210 0.099977790 -0.028890481 </Translation>
          </Transform>
        </Instance>
      </Instance>
      <Instance entityUid="JFD*:*854163501894f448cf4ea06d" name="abenics-cs-gear-housing-36tmod2-type-B v3 v1 &lt;1>" uid="MvI4CZFM2mJp6wDOZ">
        <Transform>
          <Rotation>-0.000000000 1.000000000 -0.000000000 0.000000000 0.000000000 -1.000000000 -1.000000000 0.000000000 0.000000000 </Rotation>
          <Translation>-0.097750000 0.058500000 0.039250000 </Translation>
        </Transform>
      </Instance>
      <Instance entityUid="2a5d876db0d1654b6ddb9181" name="Monopole Drive Assembly &lt;3>" uid="MzA06+i8merkuKerW">
        <Transform>
          <Rotation>1.000000000 0.000000000 0.000000000 0.000000000 1.000000000 0.000000000 0.000000000 0.000000000 1.000000000 </Rotation>
          <Translation>-0.107201140 -0.063100203 0.124144267 </Translation>
        </Transform>
        <Instance entityUid="JFD*:*af7a48093c19a658f5bef870" grounded="true" name="abenics-monopole-driven-gear-nut-20tmod2 v4 v1 &lt;1>" uid="M0F4Fsg/pCbgELHoE">
          <Transform>
            <Rotation>0.000000000 0.000000000 -1.000000000 -0.303612060 -0.952795737 -0.000000000 -0.952795737 0.303612060 -0.000000000 </Rotation>
            <Translation>0.007223350 0.064401236 -0.124145060 </Translation>
          </Transform>
        </Instance>
        <Instance entityUid="JFD*:*9bea023304ab013c7e355173" name="abenics-monopole-gear-bushing v1 v1 &lt;1>" uid="M4MAbnMwHVaaSFOdr">
          <Transform>
            <Rotation>-0.215653611 -0.976469928 0.000000000 0.296468046 -0.065475037 -0.952795737 0.930376385 -0.205473842 0.303612060 </Rotation>
            <Translation>0.058371748 0.070369952 -0.125999507 </Translation>
          </Transform>
        </Instance>
        <Instance entityUid="JFD*:*71932bd89a9eef59a6de9bff" name="abenics-pinion&amp;worm-mod2 v5 v1 &lt;1>" uid="MXV+jFbqpmqYS/bl9">
          <Transform>
            <Rotation>0.767078357 0.641553423 0.000000000 -0.194783357 0.232894240 -0.952795737 -0.611269367 0.730868988 0.303612060 </Rotation>
            <Translation>0.033225980 0.068453091 -0.119663713 </Translation>
          </Transform>
        </Instance>
        <Instance entityUid="JFD*:*5a54eba41dccacabbc4d291f" name="abenics-monopole-housing v11 v1 &lt;1>" uid="MYZrTCDnAA/uHTtWP">
          <Transform>
            <Rotation>-0.000000000 -1.000000000 0.000000000 0.303612060 -0.000000000 -0.952795737 0.952795737 -0.000000000 0.303612060 </Rotation>
            <Translation>0.058381745 0.071991537 -0.100325166 </Translation>
          </Transform>
        </Instance>
        <Instance entityUid="JFH*:*5a54eba41dccacabbc4d291f" name="abenics-monopole-housing v11 v1 &lt;2>" uid="MYuYMBtlU2jRATBsS">
          <Transform>
            <Rotation>0.000000000 -1.000000000 -0.000000000 -0.303612060 -0.000000000 0.952795737 -0.952795737 -0.000000000 -0.303612060 </Rotation>
            <Translation>0.058381745 0.071991537 -0.100325166 </Translation>
          </Transform>
        </Instance>
        <Instance entityUid="JFD*:*091a3bb20e85730e6c04bb70" name="abenics-monopole-gear-18tmod2 v8 v1 &lt;1>" uid="MkLQX4jyCKVqatGBi">
          <Transform>
            <Rotation>-0.215653611 -0.976469928 0.000000000 0.296468046 -0.065475037 -0.952795737 0.930376385 -0.205473842 0.303612060 </Rotation>
            <Translation>0.124341979 0.068831260 -0.110242751 </Translation>
          </Transform>
        </Instance>
        <Instance entityUid="JFH*:*71932bd89a9eef59a6de9bff" name="abenics-pinion&amp;worm-mod2 v5 v1 &lt;2>" uid="MziKPHmgZsriu5Nzv">
          <Transform>
            <Rotation>-0.000000000 -0.000000000 1.000000000 0.732106739 0.681189932 0.000000000 -0.681189932 0.732106739 0.000000000 </Rotation>
            <Translation>0.007223350 0.050806597 -0.153156497 </Translation>
          </Transform>
        </Instance>
      </Instance>
    </InstanceTree>
    <Constraints/>
    <Joints>
      <Revolute name="Revolute1">
        <BaseFrame>
          <InstancePath>
            <Uid>Mtm9igLodd2bt+P4Q</Uid>
            <Uid>M0F4Fsg/pCbgELHoE</Uid>
          </InstancePath>
          <Transform>
            <Rotation>1.000000000 0.000000000 0.000000000 0.000000000 1.000000000 0.000000000 0.000000000 0.000000000 1.000000000 </Rotation>
            <Translation>0.000000000 0.000000000 -0.041477790 </Translation>
          </Transform>
        </BaseFrame>
        <FollowerFrame>
          <InstancePath>
            <Uid>MvI4CZFM2mJp6wDOZ</Uid>
          </InstancePath>
          <Transform>
            <Rotation>1.000000000 0.000000000 0.000000000 0.000000000 -1.000000000 0.000000000 0.000000000 0.000000000 -1.000000000 </Rotation>
            <Translation>0.039249208 0.096448967 0.000000000 </Translation>
          </Transform>
        </FollowerFrame>
      </Revolute>
      <Revolute name="Revolute1_2_">
        <BaseFrame>
          <InstancePath>
            <Uid>MzA06+i8merkuKerW</Uid>
            <Uid>M0F4Fsg/pCbgELHoE</Uid>
          </InstancePath>
          <Transform>
            <Rotation>1.000000000 0.000000000 0.000000000 0.000000000 1.000000000 0.000000000 0.000000000 0.000000000 1.000000000 </Rotation>
            <Translation>0.000000000 0.000000000 -0.041477790 </Translation>
          </Transform>
        </BaseFrame>
        <FollowerFrame>
          <InstancePath>
            <Uid>MQUpWqeVP0QgBnOcM</Uid>
          </InstancePath>
          <Transform>
            <Rotation>1.000000000 0.000000000 0.000000000 0.000000000 -1.000000000 0.000000000 0.000000000 0.000000000 -1.000000000 </Rotation>
            <Translation>0.039249208 0.096448967 0.000000000 </Translation>
          </Transform>
        </FollowerFrame>
      </Revolute>
      <Weld name="Fastened1">
        <BaseFrame>
          <InstancePath>
            <Uid>MvI4CZFM2mJp6wDOZ</Uid>
          </InstancePath>
          <Transform>
            <Rotation>-1.000000000 0.000000000 -0.000000000 -0.000000000 0.707106781 0.707106781 0.000000000 0.707106781 -0.707106781 </Rotation>
            <Translation>0.039250000 0.042242118 0.002992118 </Translation>
          </Transform>
        </BaseFrame>
        <FollowerFrame>
          <InstancePath>
            <Uid>MQUpWqeVP0QgBnOcM</Uid>
          </InstancePath>
          <Transform>
            <Rotation>1.000000000 0.000000000 0.000000000 0.000000000 0.707106781 -0.707106781 -0.000000000 0.707106781 0.707106781 </Rotation>
            <Translation>0.039250000 0.042242118 0.002992118 </Translation>
          </Transform>
        </FollowerFrame>
      </Weld>
      <Weld name="Fastened2">
        <BaseFrame>
          <InstancePath/>
          <Transform>
            <Rotation>0.000000000 0.707106781 0.707106781 0.000000000 0.707106781 -0.707106781 -1.000000000 0.000000000 0.000000000 </Rotation>
            <Translation>0.000000000 0.000000000 0.000000000 </Translation>
          </Transform>
        </BaseFrame>
        <FollowerFrame>
          <InstancePath>
            <Uid>MvI4CZFM2mJp6wDOZ</Uid>
          </InstancePath>
          <Transform>
            <Rotation>1.000000000 0.000000000 0.000000000 -0.000000000 0.707106781 0.707106781 -0.000000000 -0.707106781 0.707106781 </Rotation>
            <Translation>0.039250000 0.097750000 0.058500000 </Translation>
          </Transform>
        </FollowerFrame>
      </Weld>
      <Weld name="Fastened3">
        <BaseFrame>
          <InstancePath>
            <Uid>MX806kLB4MmYjMNAr</Uid>
          </InstancePath>
          <Transform>
            <Rotation>1.000000000 -0.000000000 -0.000000000 0.000000000 1.000000000 -0.000000000 0.000000000 0.000000000 1.000000000 </Rotation>
            <Translation>0.000000000 0.000000000 0.000000000 </Translation>
          </Transform>
        </BaseFrame>
        <FollowerFrame>
          <InstancePath>
            <Uid>MLk2P/9LbPUthuxDl</Uid>
          </InstancePath>
          <Transform>
            <Rotation>1.000000000 0.000000000 0.000000000 0.000000000 -1.000000000 0.000000000 0.000000000 0.000000000 -1.000000000 </Rotation>
            <Translation>0.000000002 0.000000001 0.000000000 </Translation>
          </Transform>
        </FollowerFrame>
      </Weld>
      <Spherical name="Ball1">
        <BaseFrame>
          <InstancePath>
            <Uid>MvI4CZFM2mJp6wDOZ</Uid>
          </InstancePath>
          <Transform>
            <Rotation>-1.000000000 0.000000000 0.000000000 -0.000000000 -0.707106781 -0.707106781 0.000000000 -0.707106781 0.707106781 </Rotation>
            <Translation>0.039250000 0.097750000 0.058500000 </Translation>
          </Transform>
        </BaseFrame>
        <FollowerFrame>
          <InstancePath>
            <Uid>MX806kLB4MmYjMNAr</Uid>
          </InstancePath>
          <Transform>
            <Rotation>1.000000000 0.000000000 0.000000000 0.000000000 -1.000000000 0.000000000 0.000000000 0.000000000 -1.000000000 </Rotation>
            <Translation>0.000000000 0.000000000 0.000000000 </Translation>
          </Transform>
        </FollowerFrame>
      </Spherical>
    </Joints>
  </RootAssembly>
  <Assemblies>
    <Assembly name="Monopole Drive Assembly" uid="2a5d876db0d1654b6ddb9181">
      <ModelUnits length="millimeter" mass="kilogram"/>
      <Constraints/>
      <Joints>
        <Revolute name="Revolute1_Pinion">
          <BaseFrame>
            <InstancePath>
              <Uid>MYZrTCDnAA/uHTtWP</Uid>
            </InstancePath>
            <Transform>
              <Rotation>-0.052335956 0.998629535 0.000000000 -0.998629535 -0.052335956 -0.000000000 0.000000000 -0.000000000 1.000000000 </Rotation>
              <Translation>-0.019500000 0.025155765 0.002500000 </Translation>
            </Transform>
          </BaseFrame>
          <FollowerFrame>
            <InstancePath>
              <Uid>MXV+jFbqpmqYS/bl9</Uid>
            </InstancePath>
            <Transform>
              <Rotation>1.000000000 0.000000000 0.000000000 0.000000000 1.000000000 0.000000000 0.000000000 0.000000000 1.000000000 </Rotation>
              <Translation>0.000000000 0.000000000 0.005000000 </Translation>
            </Transform>
          </FollowerFrame>
        </Revolute>
        <Revolute name="Revolute2_Wormgear">
          <BaseFrame>
            <InstancePath>
              <Uid>MYZrTCDnAA/uHTtWP</Uid>
            </InstancePath>
            <Transform>
              <Rotation>-1.000000000 0.000000000 -0.000000000 0.000000000 -0.000000000 -1.000000000 -0.000000000 -1.000000000 0.000000000 </Rotation>
              <Translation>-0.025000000 0.020158395 -0.000000000 </Translation>
            </Transform>
          </BaseFrame>
          <FollowerFrame>
            <InstancePath>
              <Uid>MziKPHmgZsriu5Nzv</Uid>
            </InstancePath>
            <Transform>
              <Rotation>1.000000000 0.000000000 0.000000000 0.000000000 1.000000000 0.000000000 0.000000000 0.000000000 1.000000000 </Rotation>
              <Translation>-0.009809573 0.030500000 0.031000000 </Translation>
            </Transform>
          </FollowerFrame>
        </Revolute>
        <Weld name="Fastened1">
          <BaseFrame>
            <InstancePath>
              <Uid>MYZrTCDnAA/uHTtWP</Uid>
            </InstancePath>
            <Transform>
              <Rotation>-1.000000000 0.000000000 0.000000000 -0.000000000 -1.000000000 -0.000000000 0.000000000 -0.000000000 1.000000000 </Rotation>
              <Translation>-0.025000000 0.045811819 0.000000000 </Translation>
            </Transform>
          </BaseFrame>
          <FollowerFrame>
            <InstancePath>
              <Uid>MYuYMBtlU2jRATBsS</Uid>
            </InstancePath>
            <Transform>
              <Rotation>1.000000000 0.000000000 0.000000000 0.000000000 -1.000000000 0.000000000 0.000000000 0.000000000 -1.000000000 </Rotation>
              <Translation>0.025000000 0.045811819 0.000000000 </Translation>
            </Transform>
          </FollowerFrame>
        </Weld>
        <Revolute name="Revolute3_MNNPYAW">
          <BaseFrame>
            <InstancePath>
              <Uid>MYuYMBtlU2jRATBsS</Uid>
            </InstancePath>
            <Transform>
              <Rotation>-1.000000000 0.000000000 -0.000000000 -0.000000000 -1.000000000 -0.000000000 -0.000000000 0.000000000 1.000000000 </Rotation>
              <Translation>0.025000000 0.000000000 0.013000000 </Translation>
            </Transform>
          </BaseFrame>
          <FollowerFrame>
            <InstancePath>
              <Uid>MkLQX4jyCKVqatGBi</Uid>
            </InstancePath>
            <Transform>
              <Rotation>0.994521895 0.104528463 0.000000000 0.104528463 -0.994521895 0.000000000 0.000000000 0.000000000 -1.000000000 </Rotation>
              <Translation>-0.000023178 0.067554802 -0.013000000 </Translation>
            </Transform>
          </FollowerFrame>
        </Revolute>
        <Weld name="Fastened2">
          <BaseFrame>
            <InstancePath>
              <Uid>MkLQX4jyCKVqatGBi</Uid>
            </InstancePath>
            <Transform>
              <Rotation>1.000000000 -0.000000000 -0.000000000 0.000000000 1.000000000 -0.000000000 0.000000000 0.000000000 1.000000000 </Rotation>
              <Translation>0.000023178 0.067554802 0.000000000 </Translation>
            </Transform>
          </BaseFrame>
          <FollowerFrame>
            <InstancePath>
              <Uid>M4MAbnMwHVaaSFOdr</Uid>
            </InstancePath>
            <Transform>
              <Rotation>1.000000000 0.000000000 0.000000000 0.000000000 1.000000000 0.000000000 0.000000000 0.000000000 1.000000000 </Rotation>
              <Translation>0.000000000 0.000000000 0.006250000 </Translation>
            </Transform>
          </FollowerFrame>
        </Weld>
        <Revolute name="Revolute4_MNPROLL">
          <BaseFrame>
            <InstancePath>
              <Uid>MziKPHmgZsriu5Nzv</Uid>
            </InstancePath>
            <Transform>
              <Rotation>1.000000000 -0.000000000 -0.000000000 0.000000000 1.000000000 -0.000000000 0.000000000 0.000000000 1.000000000 </Rotation>
              <Translation>-0.009809573 0.030500000 0.000000000 </Translation>
            </Transform>
          </BaseFrame>
          <FollowerFrame>
            <InstancePath>
              <Uid>M0F4Fsg/pCbgELHoE</Uid>
            </InstancePath>
            <Transform>
              <Rotation>1.000000000 0.000000000 0.000000000 0.000000000 -1.000000000 0.000000000 0.000000000 0.000000000 -1.000000000 </Rotation>
              <Translation>0.000000000 0.000000000 0.000000000 </Translation>
            </Transform>
          </FollowerFrame>
        </Revolute>
        <Prismatic name="Slider1">
          <BaseFrame>
            <InstancePath>
              <Uid>M0F4Fsg/pCbgELHoE</Uid>
            </InstancePath>
            <Transform>
              <Rotation>1.000000000 -0.000000000 -0.000000000 0.000000000 1.000000000 -0.000000000 0.000000000 0.000000000 1.000000000 </Rotation>
              <Translation>0.000000000 0.000000000 -0.019158000 </Translation>
            </Transform>
          </BaseFrame>
          <FollowerFrame>
            <InstancePath>
              <Uid>MYuYMBtlU2jRATBsS</Uid>
            </InstancePath>
            <Transform>
              <Rotation>1.000000000 0.000000000 0.000000000 -0.000000000 0.000000000 1.000000000 -0.000000000 -1.000000000 0.000000000 </Rotation>
              <Translation>0.025000000 0.032000000 0.000000000 </Translation>
            </Transform>
          </FollowerFrame>
        </Prismatic>
      </Joints>
    </Assembly>
  </Assemblies>
  <Parts>
    <Part name="abenics-monopole-gear-18tmod2 v8 v1" uid="JFD*:*091a3bb20e85730e6c04bb70">
      <ModelUnits length="millimeter" mass="kilogram"/>
      <MassProperties>
        <Mass>0.0175541668</Mass>
        <CenterOfMass>-0.000000083 0.067537961 0.000000039 </CenterOfMass>
        <Inertia>0.000002521 0.000002509 0.000003207 0.000000000 0.000000000 -0.000000000 </Inertia>
      </MassProperties>
      <GeometryFile name="abenics-monopole-gear-18tmod2 v8 v1.step" type="STEP"/>
      <VisualProperties>
        <Ambient a="1.000000000" b="0.000000000" g="0.000000000" r="1.000000000"/>
        <Diffuse a="1.000000000" b="0.000000000" g="0.000000000" r="1.000000000"/>
        <Specular a="1.000000000" b="0.000000000" g="0.000000000" r="1.000000000"/>
        <Emissive a="1" b="0" g="0" r="0"/>
        <Shininess>0.5</Shininess>
      </VisualProperties>
    </Part>
    <Part name="abenics-monopole-housing v11 v1" uid="JFD*:*5a54eba41dccacabbc4d291f">
      <ModelUnits length="millimeter" mass="kilogram"/>
      <MassProperties>
        <Mass>0.00914015384</Mass>
        <CenterOfMass>-0.025448568 0.026850912 0.008075890 </CenterOfMass>
        <Inertia>0.000002209 0.000001089 0.000002703 0.000000381 -0.000000019 -0.000000004 </Inertia>
      </MassProperties>
      <GeometryFile name="abenics-monopole-housing v11 v1.step" type="STEP"/>
      <VisualProperties>
        <Ambient a="1.000000000" b="0.627450980" g="0.627450980" r="0.627450980"/>
        <Diffuse a="1.000000000" b="0.627450980" g="0.627450980" r="0.627450980"/>
        <Specular a="1.000000000" b="0.627450980" g="0.627450980" r="0.627450980"/>
        <Emissive a="1" b="0" g="0" r="0"/>
        <Shininess>0.5</Shininess>
      </VisualProperties>
    </Part>
    <Part name="abenics-monopole-housing v11 v1" uid="JFH*:*5a54eba41dccacabbc4d291f">
      <ModelUnits length="millimeter" mass="kilogram"/>
      <MassProperties>
        <Mass>0.00913806408</Mass>
        <CenterOfMass>0.025448522 0.026836586 0.008147143 </CenterOfMass>
        <Inertia>0.000002198 0.000001084 0.000002698 0.000000365 0.000000020 0.000000004 </Inertia>
      </MassProperties>
      <GeometryFile name="abenics-monopole-housing v11 v11.step" type="STEP"/>
      <VisualProperties>
        <Ambient a="1.000000000" b="0.627450980" g="0.627450980" r="0.627450980"/>
        <Diffuse a="1.000000000" b="0.627450980" g="0.627450980" r="0.627450980"/>
        <Specular a="1.000000000" b="0.627450980" g="0.627450980" r="0.627450980"/>
        <Emissive a="1" b="0" g="0" r="0"/>
        <Shininess>0.5</Shininess>
      </VisualProperties>
    </Part>
    <Part name="abenics-pinion&amp;worm-mod2 v5 v1" uid="JFD*:*71932bd89a9eef59a6de9bff">
      <ModelUnits length="millimeter" mass="kilogram"/>
      <MassProperties>
        <Mass>0.00113919767</Mass>
        <CenterOfMass>-0.000000000 -0.000000000 0.002499998 </CenterOfMass>
        <Inertia>0.000000025 0.000000025 0.000000045 0.000000000 0.000000000 0.000000000 </Inertia>
      </MassProperties>
      <GeometryFile name="abenics-pinion&amp;worm-mod2 v5 v1.step" type="STEP"/>
      <VisualProperties>
        <Ambient a="1.000000000" b="0.003921569" g="0.713725490" r="0.980392157"/>
        <Diffuse a="1.000000000" b="0.003921569" g="0.713725490" r="0.980392157"/>
        <Specular a="1.000000000" b="0.003921569" g="0.713725490" r="0.980392157"/>
        <Emissive a="1" b="0" g="0" r="0"/>
        <Shininess>0.5</Shininess>
      </VisualProperties>
    </Part>
    <Part name="abenics-pinion&amp;worm-mod2 v5 v1" uid="JFH*:*71932bd89a9eef59a6de9bff">
      <ModelUnits length="millimeter" mass="kilogram"/>
      <MassProperties>
        <Mass>0.0142852845</Mass>
        <CenterOfMass>-0.009949848 0.030480530 0.015360166 </CenterOfMass>
        <Inertia>0.000003162 0.000003162 0.000004216 0.000000014 0.000000029 0.000000001 </Inertia>
      </MassProperties>
      <GeometryFile name="abenics-pinion&amp;worm-mod2 v5 v11.step" type="STEP"/>
      <VisualProperties>
        <Ambient a="1.000000000" b="0.003921569" g="0.713725490" r="0.980392157"/>
        <Diffuse a="1.000000000" b="0.003921569" g="0.713725490" r="0.980392157"/>
        <Specular a="1.000000000" b="0.003921569" g="0.713725490" r="0.980392157"/>
        <Emissive a="1" b="0" g="0" r="0"/>
        <Shininess>0.5</Shininess>
      </VisualProperties>
    </Part>
    <Part name="abenics-cs-gear-36tmod2 v1 v1" uid="JFD*:*7d6b7c3e683cb23974bf4109">
      <ModelUnits length="millimeter" mass="kilogram"/>
      <MassProperties>
        <Mass>0.0744983779</Mass>
        <CenterOfMass>0.000000016 0.000000414 0.011391518 </CenterOfMass>
        <Inertia>0.000018984 0.000018984 0.000029402 0.000000000 -0.000000000 0.000000000 </Inertia>
      </MassProperties>
      <GeometryFile name="abenics-cs-gear-36tmod2 v1 v1.step" type="STEP"/>
      <VisualProperties>
        <Ambient a="1.000000000" b="0.866666667" g="0.756862745" r="0.850980392"/>
        <Diffuse a="1.000000000" b="0.866666667" g="0.756862745" r="0.850980392"/>
        <Specular a="1.000000000" b="0.866666667" g="0.756862745" r="0.850980392"/>
        <Emissive a="1" b="0" g="0" r="0"/>
        <Shininess>0.5</Shininess>
      </VisualProperties>
    </Part>
    <Part name="abenics-cs-gear-housing-36tmod2-type-B v3 v1" uid="JFD*:*854163501894f448cf4ea06d">
      <ModelUnits length="millimeter" mass="kilogram"/>
      <MassProperties>
        <Mass>0.30375229</Mass>
        <CenterOfMass>0.039248939 0.105837180 0.021304707 </CenterOfMass>
        <Inertia>0.000312769 0.000340964 0.000530359 -0.000036744 -0.000000002 0.000000005 </Inertia>
      </MassProperties>
      <GeometryFile name="abenics-cs-gear-housing-36tmod2-type-B v3 v1.step" type="STEP"/>
      <VisualProperties>
        <Ambient a="1.000000000" b="0.811764706" g="0.878431373" r="0.901960784"/>
        <Diffuse a="1.000000000" b="0.811764706" g="0.878431373" r="0.901960784"/>
        <Specular a="1.000000000" b="0.811764706" g="0.878431373" r="0.901960784"/>
        <Emissive a="1" b="0" g="0" r="0"/>
        <Shininess>0.5</Shininess>
      </VisualProperties>
    </Part>
    <Part name="abenics-monopole-gear-bushing v1 v1" uid="JFD*:*9bea023304ab013c7e355173">
      <ModelUnits length="millimeter" mass="kilogram"/>
      <MassProperties>
        <Mass>0.00439282996</Mass>
        <CenterOfMass>0.000000000 0.000000000 0.006250000 </CenterOfMass>
        <Inertia>0.000000108 0.000000108 0.000000102 0.000000000 0.000000000 0.000000000 </Inertia>
      </MassProperties>
      <GeometryFile name="abenics-monopole-gear-bushing v1 v1.step" type="STEP"/>
      <VisualProperties>
        <Ambient a="1.000000000" b="0.627450980" g="0.627450980" r="0.627450980"/>
        <Diffuse a="1.000000000" b="0.627450980" g="0.627450980" r="0.627450980"/>
        <Specular a="1.000000000" b="0.627450980" g="0.627450980" r="0.627450980"/>
        <Emissive a="1" b="0" g="0" r="0"/>
        <Shininess>0.5</Shininess>
      </VisualProperties>
    </Part>
    <Part name="abenics-monopole-driven-gear-nut-20tmod2 v4 v1" uid="JFD*:*af7a48093c19a658f5bef870">
      <ModelUnits length="millimeter" mass="kilogram"/>
      <MassProperties>
        <Mass>0.0357691418</Mass>
        <CenterOfMass>0.000000912 0.000000489 0.013027177 </CenterOfMass>
        <Inertia>0.000006127 0.000006127 0.000008262 -0.000000000 0.000000000 0.000000000 </Inertia>
      </MassProperties>
      <GeometryFile name="abenics-monopole-driven-gear-nut-20tmod2 v4 v1.step" type="STEP"/>
      <VisualProperties>
        <Ambient a="1.000000000" b="0.627450980" g="0.627450980" r="0.627450980"/>
        <Diffuse a="1.000000000" b="0.627450980" g="0.627450980" r="0.627450980"/>
        <Specular a="1.000000000" b="0.627450980" g="0.627450980" r="0.627450980"/>
        <Emissive a="1" b="0" g="0" r="0"/>
        <Shininess>0.5</Shininess>
      </VisualProperties>
    </Part>
  </Parts>
</SimscapeMultibodyImportXML>
