<?xml version="1.0" encoding="UTF-8" standalone="no" ?>
<SimscapeMultibodyImportXML version="2.0" xmlns="urn:mathworks:SimscapeMultibody:import" xmlns:xsi="http://www.w3.org/2001/XMLSchema-instance">
  <Created by="Chanya Methaprayoon" from="Onshape" on="07/04/26||21:36:30" using="Simscape Multibody Exporter"/>
  <ModelUnits length="millimeter" mass="kilogram"/>
  <DataUnits length="meter" mass="kilogram"/>
  <RootAssembly name="only joints" uid="5a915e3da82d96430e453f5e" version="w-640aab6f869549fff9fa87e9">
    <InstanceTree>
      <Instance entityUid="JFD*:*7d6b7c3e683cb23974bf4109" name="abenics-cs-gear-36tmod2 v1 v1 &lt;2>" uid="MLk2P/9LbPUthuxDl">
        <Transform>
          <Rotation>0.210082228 -0.844829471 0.492065668 -0.976593184 -0.205097443 0.064813520 0.046165039 -0.494164146 -0.868142031 </Rotation>
          <Translation>0.000000001 0.000000002 0.000000001 </Translation>
        </Transform>
      </Instance>
      <Instance entityUid="JFD*:*854163501894f448cf4ea06d" name="abenics-cs-gear-housing-36tmod2-type-B v3 v1 &lt;2>" uid="MQUpWqeVP0QgBnOcM">
        <Transform>
          <Rotation>-0.000000000 0.000000000 1.000000000 -0.000000000 -1.000000000 0.000000000 1.000000000 0.000000000 0.000000000 </Rotation>
          <Translation>-0.058500000 0.097750000 -0.039250000 </Translation>
        </Transform>
      </Instance>
      <Instance entityUid="JFD*:*7d6b7c3e683cb23974bf4109" name="abenics-cs-gear-36tmod2 v1 v1 &lt;1>" uid="MX806kLB4MmYjMNAr">
        <Transform>
          <Rotation>0.210082228 0.844829471 -0.492065668 -0.976593184 0.205097443 -0.064813520 0.046165039 0.494164146 0.868142031 </Rotation>
          <Translation>0.000000000 0.000000000 0.000000000 </Translation>
        </Transform>
      </Instance>
      <Instance entityUid="2a5d876db0d1654b6ddb9181" name="Monopole Drive Assembly &lt;1>" uid="Mtm9igLodd2bt+P4Q">
        <Transform>
          <Rotation>1.000000000 0.000000000 0.000000000 0.000000000 1.000000000 0.000000000 0.000000000 0.000000000 1.000000000 </Rotation>
          <Translation>0.000000000 0.000000000 0.000000000 </Translation>
        </Transform>
        <Instance entityUid="JFD*:*af7a48093c19a658f5bef870" grounded="true" name="abenics-monopole-driven-gear-nut-20tmod2 v4 v1 &lt;1>" uid="M0F4Fsg/pCbgELHoE">
          <Transform>
            <Rotation>-0.720970909 0.692965330 0.000000000 0.000000000 -0.000000000 1.000000000 0.692965330 0.720970909 -0.000000000 </Rotation>
            <Translation>-0.001301033 0.099977790 0.000000792 </Translation>
          </Transform>
        </Instance>
        <Instance entityUid="JFD*:*9bea023304ab013c7e355173" name="abenics-monopole-gear-bushing v1 v1 &lt;1>" uid="M4MAbnMwHVaaSFOdr">
          <Transform>
            <Rotation>0.544292465 0.472805208 0.692965330 -0.655789577 0.754943727 -0.000000000 -0.523149829 -0.454439441 0.720970909 </Rotation>
            <Translation>-0.005606835 0.048789391 -0.004529527 </Translation>
          </Transform>
        </Instance>
        <Instance entityUid="JFD*:*71932bd89a9eef59a6de9bff" name="abenics-pinion&amp;worm-mod2 v5 v1 &lt;1>" uid="MXV+jFbqpmqYS/bl9">
          <Transform>
            <Rotation>0.663455930 0.282179519 0.692965330 -0.391388217 0.920225659 -0.000000000 -0.637684477 -0.271218465 0.720970909 </Rotation>
            <Translation>0.000931894 0.073975555 -0.005612944 </Translation>
          </Transform>
        </Instance>
        <Instance entityUid="JFD*:*5a54eba41dccacabbc4d291f" name="abenics-monopole-housing v11 v1 &lt;1>" uid="MYZrTCDnAA/uHTtWP">
          <Transform>
            <Rotation>0.720970909 0.000000000 0.692965330 -0.000000000 1.000000000 -0.000000000 -0.692965330 -0.000000000 0.720970909 </Rotation>
            <Translation>0.016723240 0.048819790 -0.017323341 </Translation>
          </Transform>
        </Instance>
        <Instance entityUid="JFH*:*5a54eba41dccacabbc4d291f" name="abenics-monopole-housing v11 v1 &lt;2>" uid="MYuYMBtlU2jRATBsS">
          <Transform>
            <Rotation>-0.720970909 0.000000000 -0.692965330 0.000000000 1.000000000 0.000000000 0.692965330 -0.000000000 -0.720970909 </Rotation>
            <Translation>0.016723240 0.048819790 -0.017323341 </Translation>
          </Transform>
        </Instance>
        <Instance entityUid="JFD*:*091a3bb20e85730e6c04bb70" name="abenics-monopole-gear-18tmod2 v8 v1 &lt;1>" uid="MkLQX4jyCKVqatGBi">
          <Transform>
            <Rotation>0.544292465 0.472805208 0.692965330 -0.655789577 0.754943727 0.000000000 -0.523149829 -0.454439441 0.720970909 </Rotation>
            <Translation>-0.033228680 -0.002195484 0.030688234 </Translation>
          </Transform>
        </Instance>
        <Instance entityUid="JFH*:*71932bd89a9eef59a6de9bff" name="abenics-pinion&amp;worm-mod2 v5 v1 &lt;2>" uid="MziKPHmgZsriu5Nzv">
          <Transform>
            <Rotation>0.435348182 0.900262162 -0.000000000 -0.000000000 -0.000000000 -1.000000000 -0.900262162 0.435348182 0.000000000 </Rotation>
            <Translation>-0.024488449 0.099977790 -0.022108514 </Translation>
          </Transform>
        </Instance>
      </Instance>
      <Instance entityUid="JFD*:*854163501894f448cf4ea06d" name="abenics-cs-gear-housing-36tmod2-type-B v3 v1 &lt;1>" uid="MvI4CZFM2mJp6wDOZ">
        <Transform>
          <Rotation>-0.000000000 1.000000000 -0.000000000 0.000000000 0.000000000 -1.000000000 -1.000000000 0.000000000 0.000000000 </Rotation>
          <Translation>-0.097750000 0.058500000 0.039250000 </Translation>
        </Transform>
      </Instance>
      <Instance entityUid="2a5d876db0d1654b6ddb9181" name="Monopole Drive Assembly &lt;3>" uid="MzA06+i8merkuKerW">
        <Transform>
          <Rotation>1.000000000 0.000000000 0.000000000 0.000000000 1.000000000 0.000000000 0.000000000 0.000000000 1.000000000 </Rotation>
          <Translation>-0.107201140 -0.063100203 0.124144267 </Translation>
        </Transform>
        <Instance entityUid="JFD*:*af7a48093c19a658f5bef870" grounded="true" name="abenics-monopole-driven-gear-nut-20tmod2 v4 v1 &lt;1>" uid="M0F4Fsg/pCbgELHoE">
          <Transform>
            <Rotation>0.000000000 0.000000000 -1.000000000 -0.358569544 -0.933503017 -0.000000000 -0.933503017 0.358569544 -0.000000000 </Rotation>
            <Translation>0.007223350 0.064401236 -0.124145060 </Translation>
          </Transform>
        </Instance>
        <Instance entityUid="JFD*:*9bea023304ab013c7e355173" name="abenics-monopole-gear-bushing v1 v1 &lt;1>" uid="M4MAbnMwHVaaSFOdr">
          <Transform>
            <Rotation>0.075493881 -0.997146265 0.000000000 0.357546281 0.027069806 -0.933503017 0.930839047 0.070473765 0.358569544 </Rotation>
            <Translation>0.058384849 0.070252204 -0.126342970 </Translation>
          </Transform>
        </Instance>
        <Instance entityUid="JFD*:*71932bd89a9eef59a6de9bff" name="abenics-pinion&amp;worm-mod2 v5 v1 &lt;1>" uid="MXV+jFbqpmqYS/bl9">
          <Transform>
            <Rotation>0.993882562 0.110442076 0.000000000 -0.039601165 0.356376017 -0.933503017 -0.103098011 0.927792370 0.358569544 </Rotation>
            <Translation>0.033225585 0.068707126 -0.119907217 </Translation>
          </Transform>
        </Instance>
        <Instance entityUid="JFD*:*5a54eba41dccacabbc4d291f" name="abenics-monopole-housing v11 v1 &lt;1>" uid="MYZrTCDnAA/uHTtWP">
          <Transform>
            <Rotation>-0.000000000 -1.000000000 0.000000000 0.358569544 -0.000000000 -0.933503017 0.933503017 -0.000000000 0.358569544 </Rotation>
            <Translation>0.058381350 0.073365474 -0.100807484 </Translation>
          </Transform>
        </Instance>
        <Instance entityUid="JFH*:*5a54eba41dccacabbc4d291f" name="abenics-monopole-housing v11 v1 &lt;2>" uid="MYuYMBtlU2jRATBsS">
          <Transform>
            <Rotation>0.000000000 -1.000000000 -0.000000000 -0.358569544 -0.000000000 0.933503017 -0.933503017 -0.000000000 -0.358569544 </Rotation>
            <Translation>0.058381350 0.073365474 -0.100807484 </Translation>
          </Transform>
        </Instance>
        <Instance entityUid="JFD*:*091a3bb20e85730e6c04bb70" name="abenics-monopole-gear-18tmod2 v8 v1 &lt;1>" uid="MkLQX4jyCKVqatGBi">
          <Transform>
            <Rotation>0.075493881 -0.997146265 0.000000000 0.357546281 0.027069806 -0.933503017 0.930839047 0.070473765 0.358569544 </Rotation>
            <Translation>0.125745118 0.062580828 -0.128884326 </Translation>
          </Transform>
        </Instance>
        <Instance entityUid="JFH*:*71932bd89a9eef59a6de9bff" name="abenics-pinion&amp;worm-mod2 v5 v1 &lt;2>" uid="MziKPHmgZsriu5Nzv">
          <Transform>
            <Rotation>0.000000000 0.000000000 1.000000000 -0.999221324 0.039455626 0.000000000 -0.039455626 -0.999221324 0.000000000 </Rotation>
            <Translation>0.007223350 0.053395905 -0.094055852 </Translation>
          </Transform>
        </Instance>
      </Instance>
    </InstanceTree>
    <Constraints/>
    <Joints>
      <Revolute name="Revolute1">
        <BaseFrame>
          <InstancePath>
            <Uid>Mtm9igLodd2bt+P4Q</Uid>
            <Uid>M0F4Fsg/pCbgELHoE</Uid>
          </InstancePath>
          <Transform>
            <Rotation>1.000000000 0.000000000 0.000000000 0.000000000 1.000000000 0.000000000 0.000000000 0.000000000 1.000000000 </Rotation>
            <Translation>0.000000000 0.000000000 -0.041477790 </Translation>
          </Transform>
        </BaseFrame>
        <FollowerFrame>
          <InstancePath>
            <Uid>MvI4CZFM2mJp6wDOZ</Uid>
          </InstancePath>
          <Transform>
            <Rotation>1.000000000 0.000000000 0.000000000 0.000000000 -1.000000000 0.000000000 0.000000000 0.000000000 -1.000000000 </Rotation>
            <Translation>0.039249208 0.096448967 0.000000000 </Translation>
          </Transform>
        </FollowerFrame>
      </Revolute>
      <Revolute name="Revolute1_2_">
        <BaseFrame>
          <InstancePath>
            <Uid>MzA06+i8merkuKerW</Uid>
            <Uid>M0F4Fsg/pCbgELHoE</Uid>
          </InstancePath>
          <Transform>
            <Rotation>1.000000000 0.000000000 0.000000000 0.000000000 1.000000000 0.000000000 0.000000000 0.000000000 1.000000000 </Rotation>
            <Translation>0.000000000 0.000000000 -0.041477790 </Translation>
          </Transform>
        </BaseFrame>
        <FollowerFrame>
          <InstancePath>
            <Uid>MQUpWqeVP0QgBnOcM</Uid>
          </InstancePath>
          <Transform>
            <Rotation>1.000000000 0.000000000 0.000000000 0.000000000 -1.000000000 0.000000000 0.000000000 0.000000000 -1.000000000 </Rotation>
            <Translation>0.039249208 0.096448967 0.000000000 </Translation>
          </Transform>
        </FollowerFrame>
      </Revolute>
      <Weld name="Fastened1">
        <BaseFrame>
          <InstancePath>
            <Uid>MvI4CZFM2mJp6wDOZ</Uid>
          </InstancePath>
          <Transform>
            <Rotation>-1.000000000 0.000000000 -0.000000000 -0.000000000 0.707106781 0.707106781 0.000000000 0.707106781 -0.707106781 </Rotation>
            <Translation>0.039250000 0.042242118 0.002992118 </Translation>
          </Transform>
        </BaseFrame>
        <FollowerFrame>
          <InstancePath>
            <Uid>MQUpWqeVP0QgBnOcM</Uid>
          </InstancePath>
          <Transform>
            <Rotation>1.000000000 0.000000000 0.000000000 0.000000000 0.707106781 -0.707106781 -0.000000000 0.707106781 0.707106781 </Rotation>
            <Translation>0.039250000 0.042242118 0.002992118 </Translation>
          </Transform>
        </FollowerFrame>
      </Weld>
      <Weld name="Fastened2">
        <BaseFrame>
          <InstancePath/>
          <Transform>
            <Rotation>0.000000000 0.707106781 0.707106781 0.000000000 0.707106781 -0.707106781 -1.000000000 0.000000000 0.000000000 </Rotation>
            <Translation>0.000000000 0.000000000 0.000000000 </Translation>
          </Transform>
        </BaseFrame>
        <FollowerFrame>
          <InstancePath>
            <Uid>MvI4CZFM2mJp6wDOZ</Uid>
          </InstancePath>
          <Transform>
            <Rotation>1.000000000 0.000000000 0.000000000 -0.000000000 0.707106781 0.707106781 -0.000000000 -0.707106781 0.707106781 </Rotation>
            <Translation>0.039250000 0.097750000 0.058500000 </Translation>
          </Transform>
        </FollowerFrame>
      </Weld>
      <Weld name="Fastened3">
        <BaseFrame>
          <InstancePath>
            <Uid>MX806kLB4MmYjMNAr</Uid>
          </InstancePath>
          <Transform>
            <Rotation>1.000000000 -0.000000000 -0.000000000 0.000000000 1.000000000 -0.000000000 0.000000000 0.000000000 1.000000000 </Rotation>
            <Translation>0.000000000 0.000000000 0.000000000 </Translation>
          </Transform>
        </BaseFrame>
        <FollowerFrame>
          <InstancePath>
            <Uid>MLk2P/9LbPUthuxDl</Uid>
          </InstancePath>
          <Transform>
            <Rotation>1.000000000 0.000000000 0.000000000 0.000000000 -1.000000000 0.000000000 0.000000000 0.000000000 -1.000000000 </Rotation>
            <Translation>0.000000002 0.000000001 0.000000000 </Translation>
          </Transform>
        </FollowerFrame>
      </Weld>
      <Spherical name="Ball1">
        <BaseFrame>
          <InstancePath>
            <Uid>MvI4CZFM2mJp6wDOZ</Uid>
          </InstancePath>
          <Transform>
            <Rotation>-1.000000000 0.000000000 0.000000000 -0.000000000 -0.707106781 -0.707106781 0.000000000 -0.707106781 0.707106781 </Rotation>
            <Translation>0.039250000 0.097750000 0.058500000 </Translation>
          </Transform>
        </BaseFrame>
        <FollowerFrame>
          <InstancePath>
            <Uid>MX806kLB4MmYjMNAr</Uid>
          </InstancePath>
          <Transform>
            <Rotation>1.000000000 0.000000000 0.000000000 0.000000000 -1.000000000 0.000000000 0.000000000 0.000000000 -1.000000000 </Rotation>
            <Translation>0.000000000 0.000000000 0.000000000 </Translation>
          </Transform>
        </FollowerFrame>
      </Spherical>
    </Joints>
  </RootAssembly>
  <Assemblies>
    <Assembly name="Monopole Drive Assembly" uid="2a5d876db0d1654b6ddb9181">
      <ModelUnits length="millimeter" mass="kilogram"/>
      <Constraints/>
      <Joints>
        <Revolute name="Revolute1_Pinion">
          <BaseFrame>
            <InstancePath>
              <Uid>MYZrTCDnAA/uHTtWP</Uid>
            </InstancePath>
            <Transform>
              <Rotation>-0.052335956 0.998629535 0.000000000 -0.998629535 -0.052335956 -0.000000000 0.000000000 -0.000000000 1.000000000 </Rotation>
              <Translation>-0.019500000 0.025155765 0.002500000 </Translation>
            </Transform>
          </BaseFrame>
          <FollowerFrame>
            <InstancePath>
              <Uid>MXV+jFbqpmqYS/bl9</Uid>
            </InstancePath>
            <Transform>
              <Rotation>1.000000000 0.000000000 0.000000000 0.000000000 1.000000000 0.000000000 0.000000000 0.000000000 1.000000000 </Rotation>
              <Translation>0.000000000 0.000000000 0.005000000 </Translation>
            </Transform>
          </FollowerFrame>
        </Revolute>
        <Weld name="Fastened1">
          <BaseFrame>
            <InstancePath>
              <Uid>MYZrTCDnAA/uHTtWP</Uid>
            </InstancePath>
            <Transform>
              <Rotation>-1.000000000 0.000000000 0.000000000 -0.000000000 -1.000000000 -0.000000000 0.000000000 -0.000000000 1.000000000 </Rotation>
              <Translation>-0.025000000 0.045811819 0.000000000 </Translation>
            </Transform>
          </BaseFrame>
          <FollowerFrame>
            <InstancePath>
              <Uid>MYuYMBtlU2jRATBsS</Uid>
            </InstancePath>
            <Transform>
              <Rotation>1.000000000 0.000000000 0.000000000 0.000000000 -1.000000000 0.000000000 0.000000000 0.000000000 -1.000000000 </Rotation>
              <Translation>0.025000000 0.045811819 0.000000000 </Translation>
            </Transform>
          </FollowerFrame>
        </Weld>
        <Revolute name="Revolute3_MNNPYAW">
          <BaseFrame>
            <InstancePath>
              <Uid>MYuYMBtlU2jRATBsS</Uid>
            </InstancePath>
            <Transform>
              <Rotation>-1.000000000 0.000000000 -0.000000000 -0.000000000 -1.000000000 -0.000000000 -0.000000000 0.000000000 1.000000000 </Rotation>
              <Translation>0.025000000 0.000000000 0.013000000 </Translation>
            </Transform>
          </BaseFrame>
          <FollowerFrame>
            <InstancePath>
              <Uid>MkLQX4jyCKVqatGBi</Uid>
            </InstancePath>
            <Transform>
              <Rotation>0.994521895 0.104528463 0.000000000 0.104528463 -0.994521895 0.000000000 0.000000000 0.000000000 -1.000000000 </Rotation>
              <Translation>-0.000023178 0.067554802 -0.013000000 </Translation>
            </Transform>
          </FollowerFrame>
        </Revolute>
        <Weld name="Fastened2">
          <BaseFrame>
            <InstancePath>
              <Uid>MkLQX4jyCKVqatGBi</Uid>
            </InstancePath>
            <Transform>
              <Rotation>1.000000000 -0.000000000 -0.000000000 0.000000000 1.000000000 -0.000000000 0.000000000 0.000000000 1.000000000 </Rotation>
              <Translation>0.000023178 0.067554802 0.000000000 </Translation>
            </Transform>
          </BaseFrame>
          <FollowerFrame>
            <InstancePath>
              <Uid>M4MAbnMwHVaaSFOdr</Uid>
            </InstancePath>
            <Transform>
              <Rotation>1.000000000 0.000000000 0.000000000 0.000000000 1.000000000 0.000000000 0.000000000 0.000000000 1.000000000 </Rotation>
              <Translation>0.000000000 0.000000000 0.006250000 </Translation>
            </Transform>
          </FollowerFrame>
        </Weld>
        <Weld name="Fastened3">
          <BaseFrame>
            <InstancePath>
              <Uid>M0F4Fsg/pCbgELHoE</Uid>
            </InstancePath>
            <Transform>
              <Rotation>1.000000000 -0.000000000 -0.000000000 0.000000000 1.000000000 -0.000000000 0.000000000 0.000000000 1.000000000 </Rotation>
              <Translation>0.000000000 0.000000000 -0.019158000 </Translation>
            </Transform>
          </BaseFrame>
          <FollowerFrame>
            <InstancePath>
              <Uid>MYuYMBtlU2jRATBsS</Uid>
            </InstancePath>
            <Transform>
              <Rotation>1.000000000 0.000000000 0.000000000 -0.000000000 0.000000000 1.000000000 -0.000000000 -1.000000000 0.000000000 </Rotation>
              <Translation>0.025000000 0.032000000 0.000000000 </Translation>
            </Transform>
          </FollowerFrame>
        </Weld>
        <Revolute name="Revolute1">
          <BaseFrame>
            <InstancePath>
              <Uid>M0F4Fsg/pCbgELHoE</Uid>
            </InstancePath>
            <Transform>
              <Rotation>0.000000000 1.000000000 -0.000000000 -1.000000000 0.000000000 -0.000000000 0.000000000 0.000000000 1.000000000 </Rotation>
              <Translation>0.000000000 0.000000000 0.000000000 </Translation>
            </Transform>
          </BaseFrame>
          <FollowerFrame>
            <InstancePath>
              <Uid>MziKPHmgZsriu5Nzv</Uid>
            </InstancePath>
            <Transform>
              <Rotation>-0.642787610 0.766044443 0.000000000 0.766044443 0.642787610 0.000000000 0.000000000 0.000000000 -1.000000000 </Rotation>
              <Translation>-0.009809573 0.030500000 0.000000000 </Translation>
            </Transform>
          </FollowerFrame>
        </Revolute>
      </Joints>
    </Assembly>
  </Assemblies>
  <Parts>
    <Part name="abenics-monopole-gear-18tmod2 v8 v1" uid="JFD*:*091a3bb20e85730e6c04bb70">
      <ModelUnits length="millimeter" mass="kilogram"/>
      <MassProperties>
        <Mass>0.0175541668</Mass>
        <CenterOfMass>-0.000000083 0.067537961 0.000000039 </CenterOfMass>
        <Inertia>0.000002521 0.000002509 0.000003207 0.000000000 0.000000000 -0.000000000 </Inertia>
      </MassProperties>
      <GeometryFile name="abenics-monopole-gear-18tmod2 v8 v1.step" type="STEP"/>
      <VisualProperties>
        <Ambient a="1.000000000" b="0.000000000" g="0.000000000" r="1.000000000"/>
        <Diffuse a="1.000000000" b="0.000000000" g="0.000000000" r="1.000000000"/>
        <Specular a="1.000000000" b="0.000000000" g="0.000000000" r="1.000000000"/>
        <Emissive a="1" b="0" g="0" r="0"/>
        <Shininess>0.5</Shininess>
      </VisualProperties>
    </Part>
    <Part name="abenics-monopole-housing v11 v1" uid="JFD*:*5a54eba41dccacabbc4d291f">
      <ModelUnits length="millimeter" mass="kilogram"/>
      <MassProperties>
        <Mass>0.00914015384</Mass>
        <CenterOfMass>-0.025448568 0.026850912 0.008075890 </CenterOfMass>
        <Inertia>0.000002209 0.000001089 0.000002703 0.000000381 -0.000000019 -0.000000004 </Inertia>
      </MassProperties>
      <GeometryFile name="abenics-monopole-housing v11 v1.step" type="STEP"/>
      <VisualProperties>
        <Ambient a="1.000000000" b="0.627450980" g="0.627450980" r="0.627450980"/>
        <Diffuse a="1.000000000" b="0.627450980" g="0.627450980" r="0.627450980"/>
        <Specular a="1.000000000" b="0.627450980" g="0.627450980" r="0.627450980"/>
        <Emissive a="1" b="0" g="0" r="0"/>
        <Shininess>0.5</Shininess>
      </VisualProperties>
    </Part>
    <Part name="abenics-monopole-housing v11 v1" uid="JFH*:*5a54eba41dccacabbc4d291f">
      <ModelUnits length="millimeter" mass="kilogram"/>
      <MassProperties>
        <Mass>0.00913806408</Mass>
        <CenterOfMass>0.025448522 0.026836586 0.008147143 </CenterOfMass>
        <Inertia>0.000002198 0.000001084 0.000002698 0.000000365 0.000000020 0.000000004 </Inertia>
      </MassProperties>
      <GeometryFile name="abenics-monopole-housing v11 v11.step" type="STEP"/>
      <VisualProperties>
        <Ambient a="1.000000000" b="0.627450980" g="0.627450980" r="0.627450980"/>
        <Diffuse a="1.000000000" b="0.627450980" g="0.627450980" r="0.627450980"/>
        <Specular a="1.000000000" b="0.627450980" g="0.627450980" r="0.627450980"/>
        <Emissive a="1" b="0" g="0" r="0"/>
        <Shininess>0.5</Shininess>
      </VisualProperties>
    </Part>
    <Part name="abenics-pinion&amp;worm-mod2 v5 v1" uid="JFD*:*71932bd89a9eef59a6de9bff">
      <ModelUnits length="millimeter" mass="kilogram"/>
      <MassProperties>
        <Mass>0.00113919767</Mass>
        <CenterOfMass>-0.000000000 -0.000000000 0.002499998 </CenterOfMass>
        <Inertia>0.000000025 0.000000025 0.000000045 0.000000000 0.000000000 0.000000000 </Inertia>
      </MassProperties>
      <GeometryFile name="abenics-pinion&amp;worm-mod2 v5 v1.step" type="STEP"/>
      <VisualProperties>
        <Ambient a="1.000000000" b="0.003921569" g="0.713725490" r="0.980392157"/>
        <Diffuse a="1.000000000" b="0.003921569" g="0.713725490" r="0.980392157"/>
        <Specular a="1.000000000" b="0.003921569" g="0.713725490" r="0.980392157"/>
        <Emissive a="1" b="0" g="0" r="0"/>
        <Shininess>0.5</Shininess>
      </VisualProperties>
    </Part>
    <Part name="abenics-pinion&amp;worm-mod2 v5 v1" uid="JFH*:*71932bd89a9eef59a6de9bff">
      <ModelUnits length="millimeter" mass="kilogram"/>
      <MassProperties>
        <Mass>0.0142852845</Mass>
        <CenterOfMass>-0.009949848 0.030480530 0.015360166 </CenterOfMass>
        <Inertia>0.000003162 0.000003162 0.000004216 0.000000014 0.000000029 0.000000001 </Inertia>
      </MassProperties>
      <GeometryFile name="abenics-pinion&amp;worm-mod2 v5 v11.step" type="STEP"/>
      <VisualProperties>
        <Ambient a="1.000000000" b="0.003921569" g="0.713725490" r="0.980392157"/>
        <Diffuse a="1.000000000" b="0.003921569" g="0.713725490" r="0.980392157"/>
        <Specular a="1.000000000" b="0.003921569" g="0.713725490" r="0.980392157"/>
        <Emissive a="1" b="0" g="0" r="0"/>
        <Shininess>0.5</Shininess>
      </VisualProperties>
    </Part>
    <Part name="abenics-cs-gear-36tmod2 v1 v1" uid="JFD*:*7d6b7c3e683cb23974bf4109">
      <ModelUnits length="millimeter" mass="kilogram"/>
      <MassProperties>
        <Mass>0.0744983779</Mass>
        <CenterOfMass>0.000000016 0.000000414 0.011391518 </CenterOfMass>
        <Inertia>0.000018984 0.000018984 0.000029402 0.000000000 -0.000000000 0.000000000 </Inertia>
      </MassProperties>
      <GeometryFile name="abenics-cs-gear-36tmod2 v1 v1.step" type="STEP"/>
      <VisualProperties>
        <Ambient a="1.000000000" b="0.866666667" g="0.756862745" r="0.850980392"/>
        <Diffuse a="1.000000000" b="0.866666667" g="0.756862745" r="0.850980392"/>
        <Specular a="1.000000000" b="0.866666667" g="0.756862745" r="0.850980392"/>
        <Emissive a="1" b="0" g="0" r="0"/>
        <Shininess>0.5</Shininess>
      </VisualProperties>
    </Part>
    <Part name="abenics-cs-gear-housing-36tmod2-type-B v3 v1" uid="JFD*:*854163501894f448cf4ea06d">
      <ModelUnits length="millimeter" mass="kilogram"/>
      <MassProperties>
        <Mass>0.30375229</Mass>
        <CenterOfMass>0.039248939 0.105837180 0.021304707 </CenterOfMass>
        <Inertia>0.000312769 0.000340964 0.000530359 -0.000036744 -0.000000002 0.000000005 </Inertia>
      </MassProperties>
      <GeometryFile name="abenics-cs-gear-housing-36tmod2-type-B v3 v1.step" type="STEP"/>
      <VisualProperties>
        <Ambient a="1.000000000" b="0.811764706" g="0.878431373" r="0.901960784"/>
        <Diffuse a="1.000000000" b="0.811764706" g="0.878431373" r="0.901960784"/>
        <Specular a="1.000000000" b="0.811764706" g="0.878431373" r="0.901960784"/>
        <Emissive a="1" b="0" g="0" r="0"/>
        <Shininess>0.5</Shininess>
      </VisualProperties>
    </Part>
    <Part name="abenics-monopole-gear-bushing v1 v1" uid="JFD*:*9bea023304ab013c7e355173">
      <ModelUnits length="millimeter" mass="kilogram"/>
      <MassProperties>
        <Mass>0.00439282996</Mass>
        <CenterOfMass>0.000000000 0.000000000 0.006250000 </CenterOfMass>
        <Inertia>0.000000108 0.000000108 0.000000102 0.000000000 0.000000000 0.000000000 </Inertia>
      </MassProperties>
      <GeometryFile name="abenics-monopole-gear-bushing v1 v1.step" type="STEP"/>
      <VisualProperties>
        <Ambient a="1.000000000" b="0.627450980" g="0.627450980" r="0.627450980"/>
        <Diffuse a="1.000000000" b="0.627450980" g="0.627450980" r="0.627450980"/>
        <Specular a="1.000000000" b="0.627450980" g="0.627450980" r="0.627450980"/>
        <Emissive a="1" b="0" g="0" r="0"/>
        <Shininess>0.5</Shininess>
      </VisualProperties>
    </Part>
    <Part name="abenics-monopole-driven-gear-nut-20tmod2 v4 v1" uid="JFD*:*af7a48093c19a658f5bef870">
      <ModelUnits length="millimeter" mass="kilogram"/>
      <MassProperties>
        <Mass>0.0357691418</Mass>
        <CenterOfMass>0.000000912 0.000000489 0.013027177 </CenterOfMass>
        <Inertia>0.000006127 0.000006127 0.000008262 -0.000000000 0.000000000 0.000000000 </Inertia>
      </MassProperties>
      <GeometryFile name="abenics-monopole-driven-gear-nut-20tmod2 v4 v1.step" type="STEP"/>
      <VisualProperties>
        <Ambient a="1.000000000" b="0.627450980" g="0.627450980" r="0.627450980"/>
        <Diffuse a="1.000000000" b="0.627450980" g="0.627450980" r="0.627450980"/>
        <Specular a="1.000000000" b="0.627450980" g="0.627450980" r="0.627450980"/>
        <Emissive a="1" b="0" g="0" r="0"/>
        <Shininess>0.5</Shininess>
      </VisualProperties>
    </Part>
  </Parts>
</SimscapeMultibodyImportXML>
